# Camera list with one line of data per camera:
#   CAMERA_ID, MODEL, WIDTH, HEIGHT, PARAMS[]
# Number of cameras: 135
1 SIMPLE_RADIAL 2448 1376 495.13812575557483 1224 688 0.0096838915517191548
2 SIMPLE_RADIAL 2448 1376 496.65275261517593 1224 688 0.0084160805676069417
3 SIMPLE_RADIAL 2448 1376 498.05592972121866 1224 688 0.0072629343718100432
4 SIMPLE_RADIAL 2448 1376 499.93300801926824 1224 688 0.005990864601170323
5 SIMPLE_RADIAL 2448 1376 502.06480282198049 1224 688 0.0047281127262474463
6 SIMPLE_RADIAL 2448 1376 503.62076617510763 1224 688 0.0033919051173323628
7 SIMPLE_RADIAL 2448 1376 505.36720307879398 1224 688 0.0019150300017783623
8 SIMPLE_RADIAL 2448 1376 507.18125834272519 1224 688 0.00077762774148098872
9 SIMPLE_RADIAL 2448 1376 508.59711544788593 1224 688 -0.00044187987899312417
10 SIMPLE_RADIAL 2448 1376 510.38651559412125 1224 688 -0.0014660281143709809
11 SIMPLE_RADIAL 2448 1376 512.21233378552029 1224 688 -0.002502677023757172
12 SIMPLE_RADIAL 2448 1376 513.61900019267262 1224 688 -0.0036105225595062366
13 SIMPLE_RADIAL 2448 1376 515.14983199049243 1224 688 -0.0046939572104754612
14 SIMPLE_RADIAL 2448 1376 516.81190904210348 1224 688 -0.0055893050659395578
15 SIMPLE_RADIAL 2448 1376 518.19456548885239 1224 688 -0.0063436465174078523
16 SIMPLE_RADIAL 2448 1376 519.75747205031337 1224 688 -0.0071259308177493534
17 SIMPLE_RADIAL 2448 1376 521.86336489984285 1224 688 -0.0074740148376613259
18 SIMPLE_RADIAL 2448 1376 523.46235106716165 1224 688 -0.0078260052973263255
19 SIMPLE_RADIAL 2448 1376 12868.639323280402 1224 688 528.82241189591866
20 SIMPLE_RADIAL 2448 1376 528.36589146096389 1224 688 -0.0079988503175764097
21 SIMPLE_RADIAL 2448 1376 530.61468409789313 1224 688 -0.0081289653274954545
22 SIMPLE_RADIAL 2448 1376 532.61007086577899 1224 688 -0.0081063638339454718
23 SIMPLE_RADIAL 2448 1376 534.71444297557798 1224 688 -0.008162195460767345
24 SIMPLE_RADIAL 2448 1376 537.00753701043516 1224 688 -0.0083076338380335037
25 SIMPLE_RADIAL 2448 1376 539.32707032000326 1224 688 -0.0083983037387460515
26 SIMPLE_RADIAL 2448 1376 541.79023819897566 1224 688 -0.0085239805668710176
27 SIMPLE_RADIAL 2448 1376 544.16211986480982 1224 688 -0.0085195139022980065
28 SIMPLE_RADIAL 2448 1376 546.20740901522504 1224 688 -0.0084201502184720889
29 SIMPLE_RADIAL 2448 1376 548.47440400864593 1224 688 -0.0083270974126921256
30 SIMPLE_RADIAL 2448 1376 550.49541223861956 1224 688 -0.0082104193898385452
31 SIMPLE_RADIAL 2448 1376 552.88511667359649 1224 688 -0.0081872372138315549
32 SIMPLE_RADIAL 2448 1376 554.81275788133462 1224 688 -0.0079584044489048079
33 SIMPLE_RADIAL 2448 1376 556.8205604643623 1224 688 -0.0078132910439579137
34 SIMPLE_RADIAL 2448 1376 558.48652837339523 1224 688 -0.0073056127503752701
35 SIMPLE_RADIAL 2448 1376 559.97182680351591 1224 688 -0.0067501333488668635
36 SIMPLE_RADIAL 2448 1376 561.58964678432812 1224 688 -0.0063141522944609504
37 SIMPLE_RADIAL 2448 1376 563.25377654079841 1224 688 -0.005862582261350547
38 SIMPLE_RADIAL 2448 1376 564.84575589951351 1224 688 -0.0053962464790717531
39 SIMPLE_RADIAL 2448 1376 566.18874033350937 1224 688 -0.0047889206976948753
40 SIMPLE_RADIAL 2448 1376 567.44611725715401 1224 688 -0.0041518734888949327
41 SIMPLE_RADIAL 2448 1376 568.86864166947294 1224 688 -0.0035585111398471468
42 SIMPLE_RADIAL 2448 1376 569.83857452452889 1224 688 -0.0029445043602379919
43 SIMPLE_RADIAL 2448 1376 571.33916140473582 1224 688 -0.0024953451219578799
44 SIMPLE_RADIAL 2448 1376 572.99811665072855 1224 688 -0.0018602830046065509
45 SIMPLE_RADIAL 2448 1376 574.59679716950006 1224 688 -0.0013420842017667037
46 SIMPLE_RADIAL 2448 1376 576.22628780562957 1224 688 -0.0012969728027893653
47 SIMPLE_RADIAL 2448 1376 578.77481034485822 1224 688 -0.0017159110766807215
48 SIMPLE_RADIAL 2448 1376 581.21525060617944 1224 688 -0.002455637085614784
49 SIMPLE_RADIAL 2448 1376 584.29535239665677 1224 688 -0.0026895968798073557
50 SIMPLE_RADIAL 2448 1376 588.04815349717853 1224 688 -0.0029613777137128725
51 SIMPLE_RADIAL 2448 1376 592.27931266993699 1224 688 -0.0034397786744735323
52 SIMPLE_RADIAL 2448 1376 595.70355691322175 1224 688 -0.0032612256524679429
53 SIMPLE_RADIAL 2448 1376 600.19035730608334 1224 688 -0.00300454570241337
54 SIMPLE_RADIAL 2448 1376 604.17894636581832 1224 688 -0.0026369275661348663
55 SIMPLE_RADIAL 2448 1376 608.56719415545058 1224 688 -0.002738794012188228
56 SIMPLE_RADIAL 2448 1376 613.28050201013627 1224 688 -0.0033712150311630855
57 SIMPLE_RADIAL 2448 1376 617.50920459352983 1224 688 -0.0036184755601520271
58 SIMPLE_RADIAL 2448 1376 622.26004247916376 1224 688 -0.0041904363085526345
59 SIMPLE_RADIAL 2448 1376 627.01535998694135 1224 688 -0.0046857871048694329
60 SIMPLE_RADIAL 2448 1376 631.26699265626098 1224 688 -0.0048406210880753194
61 SIMPLE_RADIAL 2448 1376 635.84393380921767 1224 688 -0.0051103095899265732
62 SIMPLE_RADIAL 2448 1376 640.43027238108436 1224 688 -0.0053695534253473719
63 SIMPLE_RADIAL 2448 1376 644.49075367698219 1224 688 -0.0051708044925223755
64 SIMPLE_RADIAL 2448 1376 648.95094373022778 1224 688 -0.0052638251262681424
65 SIMPLE_RADIAL 2448 1376 653.80047709773737 1224 688 -0.0054013581628803839
66 SIMPLE_RADIAL 2448 1376 658.51165104028246 1224 688 -0.0055638478401679077
67 SIMPLE_RADIAL 2448 1376 662.71515905711635 1224 688 -0.0055639456748078232
68 SIMPLE_RADIAL 2448 1376 667.35103963562665 1224 688 -0.0055748885699671681
69 SIMPLE_RADIAL 2448 1376 671.6881040955476 1224 688 -0.0055937591317907842
70 SIMPLE_RADIAL 2448 1376 676.58943581501103 1224 688 -0.0058376086538931846
71 SIMPLE_RADIAL 2448 1376 682.16785399193634 1224 688 -0.00630378473835489
72 SIMPLE_RADIAL 2448 1376 687.16137565793849 1224 688 -0.0066322740033162098
73 SIMPLE_RADIAL 2448 1376 691.8878395369087 1224 688 -0.0067812439182015193
74 SIMPLE_RADIAL 2448 1376 696.52165835629251 1224 688 -0.0067441682348843342
75 SIMPLE_RADIAL 2448 1376 701.13129403477183 1224 688 -0.0065684425861431816
76 SIMPLE_RADIAL 2448 1376 705.37422749144218 1224 688 -0.0062890636316361784
77 SIMPLE_RADIAL 2448 1376 709.47588707517934 1224 688 -0.0058969434877766862
78 SIMPLE_RADIAL 2448 1376 713.87589512062493 1224 688 -0.0056807769888090149
79 SIMPLE_RADIAL 2448 1376 717.99752297029033 1224 688 -0.0051361800135112231
80 SIMPLE_RADIAL 2448 1376 1354.8139651103659 1224 688 0.4722260146237236
81 SIMPLE_RADIAL 2448 1376 1412.2023909267357 1224 688 0.52408171428395445
82 SIMPLE_RADIAL 2448 1376 1474.0563622142472 1224 688 0.58086645405947102
83 SIMPLE_RADIAL 2448 1376 1541.9228774242833 1224 688 0.64905059323222358
84 SIMPLE_RADIAL 2448 1376 1615.794736585058 1224 688 0.72546169120422632
85 SIMPLE_RADIAL 2448 1376 1698.1296195928542 1224 688 0.80978840001379704
86 SIMPLE_RADIAL 2448 1376 1787.7419744056817 1224 688 0.91132385436964414
87 SIMPLE_RADIAL 2448 1376 1242.7500007166368 1224 688 0.22541650625979434
88 SIMPLE_RADIAL 2448 1376 1975.4372073365462 1224 688 1.185260739839392
89 SIMPLE_RADIAL 2448 1376 2095.3880355988485 1224 688 1.3827834488776136
90 SIMPLE_RADIAL 2448 1376 2098.9043348861992 1224 688 1.4189989607739086
91 SIMPLE_RADIAL 2448 1376 1148.487436136086 1224 688 0.50422672150400782
92 SIMPLE_RADIAL 2448 1376 828.52430365296129 1224 688 0.21996285162569734
93 SIMPLE_RADIAL 2448 1376 622.86459595913186 1224 688 0.10058632714446888
94 SIMPLE_RADIAL 2448 1376 538.37911801808571 1224 688 0.064765645238388583
95 SIMPLE_RADIAL 2448 1376 1536.2665126381351 1224 688 1.8317408472311989
96 SIMPLE_RADIAL 2448 1376 1165.1839171440565 1224 688 1.0637987157975981
97 SIMPLE_RADIAL 2448 1376 858.2770870610666 1224 688 0.59583583213508717
98 SIMPLE_RADIAL 2448 1376 682.86199037098572 1224 688 0.38712758926905266
99 SIMPLE_RADIAL 2448 1376 569.91094768193102 1224 688 0.27701882289345697
100 SIMPLE_RADIAL 2448 1376 487.61159285942074 1224 688 0.20948500192958286
101 SIMPLE_RADIAL 2448 1376 424.65062702601875 1224 688 0.16290394899843744
102 SIMPLE_RADIAL 2448 1376 373.48866221166304 1224 688 0.12157889483191638
103 SIMPLE_RADIAL 2448 1376 337.69357898503631 1224 688 0.098576294313106771
104 SIMPLE_RADIAL 2448 1376 269.36336537638738 1224 688 0.021319807130874186
105 SIMPLE_RADIAL 2448 1376 287.35578130597389 1224 688 0.056341478621430512
106 SIMPLE_RADIAL 2448 1376 2261.3998168247526 1224 688 1.1415655643331566
107 SIMPLE_RADIAL 2448 1376 2191.5533256628732 1224 688 1.0445764935698574
108 SIMPLE_RADIAL 2448 1376 2125.8955313983565 1224 688 0.9590049902490243
109 SIMPLE_RADIAL 2448 1376 2065.4031025605686 1224 688 0.88132955846416194
110 SIMPLE_RADIAL 2448 1376 2007.227749998121 1224 688 0.81320142576024645
111 SIMPLE_RADIAL 2448 1376 1952.9894762655845 1224 688 0.74786718287919485
112 SIMPLE_RADIAL 2448 1376 1902.5547344758013 1224 688 0.68765205895211279
113 SIMPLE_RADIAL 2448 1376 1854.0015598487548 1224 688 0.63594303827784826
114 SIMPLE_RADIAL 2448 1376 1808.203406872437 1224 688 0.58718155469870648
115 SIMPLE_RADIAL 2448 1376 1764.0185693664487 1224 688 0.54323461951035912
116 SIMPLE_RADIAL 2448 1376 1722.288234944486 1224 688 0.50248619472174338
117 SIMPLE_RADIAL 2448 1376 1683.2044087723498 1224 688 0.46562330849258704
118 SIMPLE_RADIAL 2448 1376 1645.3168776768639 1224 688 0.43221385689062408
119 SIMPLE_RADIAL 2448 1376 1607.5739351400466 1224 688 0.40050604892919589
120 SIMPLE_RADIAL 2448 1376 1572.3693129445387 1224 688 0.37067285472421224
121 SIMPLE_RADIAL 2448 1376 1538.9202421153489 1224 688 0.3441092368153007
122 SIMPLE_RADIAL 2448 1376 1506.5208182427987 1224 688 0.31933141396863363
123 SIMPLE_RADIAL 2448 1376 1474.598970252317 1224 688 0.29580989797083851
124 SIMPLE_RADIAL 2448 1376 1443.4660342873631 1224 688 0.27520607043599499
125 SIMPLE_RADIAL 2448 1376 1414.6469014247252 1224 688 0.25445964400669924
126 SIMPLE_RADIAL 2448 1376 1385.763015088794 1224 688 0.236018535427682
127 SIMPLE_RADIAL 2448 1376 1358.9095263469637 1224 688 0.21851985983650027
128 SIMPLE_RADIAL 2448 1376 1333.3298900675793 1224 688 0.20235972007321198
129 SIMPLE_RADIAL 2448 1376 1308.3070451476985 1224 688 0.18771850109129781
130 SIMPLE_RADIAL 2448 1376 1283.3790133189927 1224 688 0.17384586826090229
131 SIMPLE_RADIAL 2448 1376 1259.765254793625 1224 688 0.16078963380566472
132 SIMPLE_RADIAL 2448 1376 1236.8647151261348 1224 688 0.14882652445061051
133 SIMPLE_RADIAL 2448 1376 1214.7455566586796 1224 688 0.13678976880100108
134 SIMPLE_RADIAL 2448 1376 1191.9896705512092 1224 688 0.12736219848942329
135 SIMPLE_RADIAL 2448 1376 1170.8212419873305 1224 688 0.11894668595897552
