# Camera list with one line of data per camera:
#   CAMERA_ID, MODEL, WIDTH, HEIGHT, PARAMS[]
# Number of cameras: 121
207 SIMPLE_RADIAL 2448 1376 1625.9822371697264 1224 688 -0.053314750048992512
206 SIMPLE_RADIAL 2448 1376 1632.6761233374837 1224 688 -0.054648611486431922
205 SIMPLE_RADIAL 2448 1376 1639.8778658903852 1224 688 -0.056369690488371149
204 SIMPLE_RADIAL 2448 1376 1646.7857532692101 1224 688 -0.05796098247081171
203 SIMPLE_RADIAL 2448 1376 1653.9604125452527 1224 688 -0.059571910890130621
202 SIMPLE_RADIAL 2448 1376 1660.8743442451193 1224 688 -0.060804276418855663
201 SIMPLE_RADIAL 2448 1376 1667.8181121689477 1224 688 -0.062511937291952438
200 SIMPLE_RADIAL 2448 1376 1674.7224462943916 1224 688 -0.063599702065272212
199 SIMPLE_RADIAL 2448 1376 1682.1868739753304 1224 688 -0.06486977886081452
198 SIMPLE_RADIAL 2448 1376 1689.330434106228 1224 688 -0.065647260331214166
197 SIMPLE_RADIAL 2448 1376 1696.3241253199519 1224 688 -0.06628240338468834
196 SIMPLE_RADIAL 2448 1376 1704.104308739182 1224 688 -0.067527053384345254
195 SIMPLE_RADIAL 2448 1376 1711.3667499372727 1224 688 -0.068636724603516788
194 SIMPLE_RADIAL 2448 1376 1718.7229487610507 1224 688 -0.069784125039641612
193 SIMPLE_RADIAL 2448 1376 1725.736214324254 1224 688 -0.070565452574527981
192 SIMPLE_RADIAL 2448 1376 1733.4042980258796 1224 688 -0.071541845476623997
191 SIMPLE_RADIAL 2448 1376 1741.0734471776784 1224 688 -0.072525044844891945
190 SIMPLE_RADIAL 2448 1376 1748.4095136655355 1224 688 -0.072648553942718838
189 SIMPLE_RADIAL 2448 1376 1755.9218500334389 1224 688 -0.073867387934985859
188 SIMPLE_RADIAL 2448 1376 1763.6433053073481 1224 688 -0.075084324264286004
187 SIMPLE_RADIAL 2448 1376 1771.8525070420221 1224 688 -0.076129875957085161
186 SIMPLE_RADIAL 2448 1376 1779.7294212921199 1224 688 -0.076920830075348459
185 SIMPLE_RADIAL 2448 1376 1787.6078135764362 1224 688 -0.077819769408512235
184 SIMPLE_RADIAL 2448 1376 1795.5964419873278 1224 688 -0.078396687164484308
183 SIMPLE_RADIAL 2448 1376 1804.6409584757791 1224 688 -0.080398335713736863
182 SIMPLE_RADIAL 2448 1376 1812.6445555355072 1224 688 -0.081183603927004092
181 SIMPLE_RADIAL 2448 1376 1821.0271220499776 1224 688 -0.082331401968743015
180 SIMPLE_RADIAL 2448 1376 1829.4039016332172 1224 688 -0.083850881053583529
179 SIMPLE_RADIAL 2448 1376 1837.513238407809 1224 688 -0.084494791332111741
178 SIMPLE_RADIAL 2448 1376 1846.1508932281715 1224 688 -0.08553902196952716
177 SIMPLE_RADIAL 2448 1376 1854.7572492335171 1224 688 -0.08679684470362925
176 SIMPLE_RADIAL 2448 1376 1863.3144671081966 1224 688 -0.087988920227473622
175 SIMPLE_RADIAL 2448 1376 1872.1181586229206 1224 688 -0.089183567212461193
174 SIMPLE_RADIAL 2448 1376 1880.8552028670265 1224 688 -0.090867121905110301
173 SIMPLE_RADIAL 2448 1376 1889.5118964292258 1224 688 -0.09109516353929642
172 SIMPLE_RADIAL 2448 1376 1897.5551332285913 1224 688 -0.092226892602518026
171 SIMPLE_RADIAL 2448 1376 1905.9769400778064 1224 688 -0.093235969495338036
170 SIMPLE_RADIAL 2448 1376 1915.6732454205014 1224 688 -0.095482701201996312
169 SIMPLE_RADIAL 2448 1376 1924.3522923658945 1224 688 -0.096432880018173961
168 SIMPLE_RADIAL 2448 1376 1933.8878257825043 1224 688 -0.098514791719951533
167 SIMPLE_RADIAL 2448 1376 1942.6116933686019 1224 688 -0.099421864726962433
166 SIMPLE_RADIAL 2448 1376 1951.8023983363869 1224 688 -0.10084702398448916
165 SIMPLE_RADIAL 2448 1376 1961.0985775401184 1224 688 -0.10262761435845534
164 SIMPLE_RADIAL 2448 1376 1970.3822468271417 1224 688 -0.10403933115541154
163 SIMPLE_RADIAL 2448 1376 1979.4994141284753 1224 688 -0.10521509418619707
162 SIMPLE_RADIAL 2448 1376 1989.0156207335058 1224 688 -0.10663338510844626
161 SIMPLE_RADIAL 2448 1376 1998.8493460929874 1224 688 -0.10835949841607215
160 SIMPLE_RADIAL 2448 1376 2008.6238638670334 1224 688 -0.10991766005796247
159 SIMPLE_RADIAL 2448 1376 2018.0738157662258 1224 688 -0.11165001941355907
158 SIMPLE_RADIAL 2448 1376 2027.601449932893 1224 688 -0.11274124321822215
157 SIMPLE_RADIAL 2448 1376 2037.3257696209437 1224 688 -0.11386417066017275
156 SIMPLE_RADIAL 2448 1376 2047.0597749134197 1224 688 -0.11605092966235618
155 SIMPLE_RADIAL 2448 1376 2057.1577358442951 1224 688 -0.11906674054362262
154 SIMPLE_RADIAL 2448 1376 2066.7559847110902 1224 688 -0.1203755512868209
153 SIMPLE_RADIAL 2448 1376 2077.1788437984846 1224 688 -0.12280253733537075
152 SIMPLE_RADIAL 2448 1376 2086.8687595846632 1224 688 -0.12390623746056129
151 SIMPLE_RADIAL 2448 1376 2097.2887440944824 1224 688 -0.12615377510632197
150 SIMPLE_RADIAL 2448 1376 2107.2326908121227 1224 688 -0.12773832829237514
149 SIMPLE_RADIAL 2448 1376 2117.5492530486345 1224 688 -0.12939982227861446
148 SIMPLE_RADIAL 2448 1376 2128.3161004131734 1224 688 -0.13176813866581863
147 SIMPLE_RADIAL 2448 1376 2138.1531933590386 1224 688 -0.13223718092127276
146 SIMPLE_RADIAL 2448 1376 2149.2398368741219 1224 688 -0.13423131395339741
115 SIMPLE_RADIAL 2448 1376 2550.048289499061 1224 688 -0.21543776200005665
114 SIMPLE_RADIAL 2448 1376 2565.4073952317813 1224 688 -0.21779371941745543
113 SIMPLE_RADIAL 2448 1376 2580.933462184666 1224 688 -0.22188011179141751
112 SIMPLE_RADIAL 2448 1376 2596.8957309676657 1224 688 -0.22572937204109511
111 SIMPLE_RADIAL 2448 1376 2612.2753126316607 1224 688 -0.22786128663569988
110 SIMPLE_RADIAL 2448 1376 2629.1985142547792 1224 688 -0.23367473868629751
109 SIMPLE_RADIAL 2448 1376 2644.9298611775466 1224 688 -0.23637115150024443
108 SIMPLE_RADIAL 2448 1376 2661.7164578226816 1224 688 -0.23948840045383854
107 SIMPLE_RADIAL 2448 1376 2678.1246128622524 1224 688 -0.24221906942463439
106 SIMPLE_RADIAL 2448 1376 2696.3073099702319 1224 688 -0.24828359219107693
105 SIMPLE_RADIAL 2448 1376 2713.1581275549897 1224 688 -0.25192786410254137
104 SIMPLE_RADIAL 2448 1376 2730.3846911401242 1224 688 -0.25414825696188226
103 SIMPLE_RADIAL 2448 1376 2748.1664266233734 1224 688 -0.25694028316017825
102 SIMPLE_RADIAL 2448 1376 2765.9134611695499 1224 688 -0.26061112923969187
101 SIMPLE_RADIAL 2448 1376 2784.528329543265 1224 688 -0.26675290580686084
100 SIMPLE_RADIAL 2448 1376 2802.0167129269671 1224 688 -0.26828489241423065
87 SIMPLE_RADIAL 2448 1376 3054.9969643839859 1224 688 -0.30919069567328211
88 SIMPLE_RADIAL 2448 1376 3035.0841783418955 1224 688 -0.30530666815074614
89 SIMPLE_RADIAL 2448 1376 3013.5812710601758 1224 688 -0.29861187477943529
90 SIMPLE_RADIAL 2448 1376 2993.9041551855157 1224 688 -0.29677504007098421
91 SIMPLE_RADIAL 2448 1376 2973.5748813714627 1224 688 -0.29332855557671794
92 SIMPLE_RADIAL 2448 1376 2953.7603868613487 1224 688 -0.28997689989807451
93 SIMPLE_RADIAL 2448 1376 2933.9039843662722 1224 688 -0.28722530902213927
94 SIMPLE_RADIAL 2448 1376 2914.3772797472598 1224 688 -0.28348867851565879
95 SIMPLE_RADIAL 2448 1376 2895.0190669511944 1224 688 -0.28171113036509088
96 SIMPLE_RADIAL 2448 1376 2876.7929805142435 1224 688 -0.28127749016217496
97 SIMPLE_RADIAL 2448 1376 2857.8276054865787 1224 688 -0.27849426344347039
98 SIMPLE_RADIAL 2448 1376 2837.8672243488168 1224 688 -0.27223506755037585
99 SIMPLE_RADIAL 2448 1376 2820.2838001372493 1224 688 -0.27137113344224456
116 SIMPLE_RADIAL 2448 1376 2535.0641042301668 1224 688 -0.21248975131027736
117 SIMPLE_RADIAL 2448 1376 2519.7008671523672 1224 688 -0.20887730635275648
118 SIMPLE_RADIAL 2448 1376 2503.5093072768818 1224 688 -0.20250905560919802
119 SIMPLE_RADIAL 2448 1376 2489.3042493191519 1224 688 -0.20124036548858898
120 SIMPLE_RADIAL 2448 1376 2474.7747572186145 1224 688 -0.19843349043987088
121 SIMPLE_RADIAL 2448 1376 2459.9932129768677 1224 688 -0.19554060624787509
122 SIMPLE_RADIAL 2448 1376 2445.6158785020748 1224 688 -0.19294225897883283
123 SIMPLE_RADIAL 2448 1376 2432.1849509300914 1224 688 -0.19083595790977981
124 SIMPLE_RADIAL 2448 1376 2417.2886272920364 1224 688 -0.18487290816827734
125 SIMPLE_RADIAL 2448 1376 2403.9292623822848 1224 688 -0.1834735929163549
126 SIMPLE_RADIAL 2448 1376 2390.3564826995562 1224 688 -0.18055093514525986
127 SIMPLE_RADIAL 2448 1376 2377.7631516235951 1224 688 -0.17888076439680567
128 SIMPLE_RADIAL 2448 1376 2364.0296344661406 1224 688 -0.17612121376723697
129 SIMPLE_RADIAL 2448 1376 2351.5827753313542 1224 688 -0.17487184562871694
130 SIMPLE_RADIAL 2448 1376 2338.268312163721 1224 688 -0.17147424328670424
131 SIMPLE_RADIAL 2448 1376 2324.9216109145727 1224 688 -0.16731010540972951
132 SIMPLE_RADIAL 2448 1376 2312.8690201718528 1224 688 -0.16569061219565015
133 SIMPLE_RADIAL 2448 1376 2300.2382875245189 1224 688 -0.16310635468749871
134 SIMPLE_RADIAL 2448 1376 2288.0290871225284 1224 688 -0.16084057207429928
135 SIMPLE_RADIAL 2448 1376 2275.7404900903321 1224 688 -0.15893563623744877
136 SIMPLE_RADIAL 2448 1376 2263.4932394224002 1224 688 -0.1560557004103891
137 SIMPLE_RADIAL 2448 1376 2250.7702555158944 1224 688 -0.15184436712701915
138 SIMPLE_RADIAL 2448 1376 2238.59433450386 1224 688 -0.1485483259034161
139 SIMPLE_RADIAL 2448 1376 2227.1480893887519 1224 688 -0.14671046348285499
140 SIMPLE_RADIAL 2448 1376 2215.7230895451448 1224 688 -0.14473021761784063
141 SIMPLE_RADIAL 2448 1376 2204.826942683866 1224 688 -0.14329915630495124
142 SIMPLE_RADIAL 2448 1376 2194.177935743809 1224 688 -0.14295996076268438
143 SIMPLE_RADIAL 2448 1376 2182.7927324424863 1224 688 -0.14017211858494558
144 SIMPLE_RADIAL 2448 1376 2170.9810009714765 1224 688 -0.13684980669996163
145 SIMPLE_RADIAL 2448 1376 2160.7478099861223 1224 688 -0.13743247372510201
